# oST version 5.0 parameters


[image]

width
1280

height
720

[narrow_stereo]

camera matrix
896.107786 0.000000 613.502153
0.000000 903.236980 412.641558
0.000000 0.000000 1.000000

distortion
0.071810 -0.087668 0.014144 -0.006956 0.000000

rectification
1.000000 0.000000 0.000000
0.000000 1.000000 0.000000
0.000000 0.000000 1.000000

projection
912.831551 0.000000 602.542623 0.000000
0.000000 921.520869 422.799323 0.000000
0.000000 0.000000 1.000000 0.000000
