# oST version 5.0 parameters


[image]

width
1280

height
720

[narrow_stereo]

camera matrix
863.439262 0.000000 645.612360
0.000000 858.739541 406.812029
0.000000 0.000000 1.000000

distortion
0.048015 -0.083847 0.011333 0.007398 0.000000

rectification
1.000000 0.000000 0.000000
0.000000 1.000000 0.000000
0.000000 0.000000 1.000000

projection
866.019111 0.000000 657.389898 0.000000
0.000000 867.989994 414.314869 0.000000
0.000000 0.000000 1.000000 0.000000
