# oST version 5.0 parameters


[image]

width
1280

height
720

[narrow_stereo]

camera matrix
884.794228 0.000000 617.780772
0.000000 884.255574 392.205273
0.000000 0.000000 1.000000

distortion
0.088010 -0.200014 0.006610 -0.000391 0.000000

rectification
1.000000 0.000000 0.000000
0.000000 1.000000 0.000000
0.000000 0.000000 1.000000

projection
875.590608 0.000000 613.692015 0.000000
0.000000 892.203972 395.430753 0.000000
0.000000 0.000000 1.000000 0.000000
