D = [0.04801471532807019, -0.08384650808786537, 0.011333140753155675, 0.0073983645860253985, 0.0]
K = [863.4392616862125, 0.0, 645.6123597045645, 0.0, 858.7395410883935, 406.8120285287063, 0.0, 0.0, 1.0]
R = [1.0, 0.0, 0.0, 0.0, 1.0, 0.0, 0.0, 0.0, 1.0]
P = [866.019111263446, 0.0, 657.389897739617, 0.0, 0.0, 867.9899935188962, 414.3148691291725, 0.0, 0.0, 0.0, 1.0, 0.0]
# oST version 5.0 parameters

rosrun camera_calibration cameracalibrator.py --size 8x6 --square 0.1 image:=/camera/color/image_raw camera:=/camera --no-service-check
